******************************************************
Evaluating Gradient Rollout with positive perturbation
******************************************************
Number of tokens: 10 %
mAP: 0.25990430822137656
mATE: 0.8668
mASE: 0.2833
mAOE: 0.5398
mAVE: 0.7968
mAAE: 0.2206
NDS: 0.3592272025105572
--------------------------
Number of tokens: 20 %
mAP: 0.22780661872098626
mATE: 0.89
mASE: 0.2882
mAOE: 0.5888
mAVE: 0.8075
mAAE: 0.228
NDS: 0.3336514485220148
--------------------------
