**********************************************
Evaluating Grad-CAM with positive perturbation
**********************************************
mechanism: Grad-CAM
perturbation_type: positive
pred_threshold: 0.4
discard_threshold: 0.3
head_fusion_method: zero_clamp_mean
layer_fusion_method: max
maps_quality: High
remove_pad: True
grad_rollout_handle_residual: True
grad_rollout_apply_rule: True
**********************************************
Number of tokens: 20 %
mAP: 0.019057798346747618
mATE: 1.1147
mASE: 0.3425
mAOE: 0.9474
mAVE: 1.0059
mAAE: 0.3069
NDS: 0.14983922983957224
--------------------------
Number of tokens: 30 %
mAP: 0.007555709064239633
mATE: 1.1453
mASE: 0.432
mAOE: 0.9765
mAVE: 1.023
mAAE: 0.4198
NDS: 0.12094588247130186
--------------------------
Number of tokens: 40 %
mAP: 0.0025408839674908954
mATE: 1.1784
mASE: 0.4521
mAOE: 1.0054
mAVE: 1.036
mAAE: 0.4448
NDS: 0.11157584779291829
--------------------------
Number of tokens: 50 %
mAP: 0.0005350584641014656
mATE: 1.1563
mASE: 0.585
mAOE: 1.066
mAVE: 1.2287
mAAE: 0.6652
NDS: 0.07524061628262875
--------------------------
