**********************************************
Evaluating Grad-CAM with negative perturbation
**********************************************
Number of tokens: 10 %
mAP: 0.1927925180080611
mATE: 0.9113
mASE: 0.2924
mAOE: 0.6034
mAVE: 0.8688
mAAE: 0.2416
NDS: 0.30465954234044906
--------------------------
Number of tokens: 20 %
mAP: 0.14697942178602327
mATE: 0.9561
mASE: 0.2983
mAOE: 0.6588
mAVE: 0.9033
mAAE: 0.253
NDS: 0.26655206458473735
--------------------------
Number of tokens: 30 %
mAP: 0.11661973893454877
mATE: 0.9903
mASE: 0.3026
mAOE: 0.6961
mAVE: 0.9159
mAAE: 0.2608
NDS: 0.24173011078316464
--------------------------
