**********************************************
Evaluating Grad-CAM with positive perturbation
**********************************************
Number of tokens: 1 %
mAP: 0.2409226056860268
mATE: 0.8823
mASE: 0.2831
mAOE: 0.5643
mAVE: 0.7668
mAAE: 0.2153
NDS: 0.34927912587251103
--------------------------
Number of tokens: 2 %
mAP: 0.19430873655550931
mATE: 0.9176
mASE: 0.2896
mAOE: 0.6171
mAVE: 0.7891
mAAE: 0.2315
NDS: 0.31266168554260176
--------------------------
Number of tokens: 3 %
mAP: 0.16248750163899
mATE: 0.9458
mASE: 0.2943
mAOE: 0.6607
mAVE: 0.8325
mAAE: 0.241
NDS: 0.28382357378992246
--------------------------
Number of tokens: 4 %
mAP: 0.13758109007384062
mATE: 0.9642
mASE: 0.2987
mAOE: 0.6925
mAVE: 0.8667
mAAE: 0.2501
NDS: 0.2615780194283008
--------------------------
