********************************************
Evaluating Random with positive perturbation
********************************************
Number of tokens: 10 %
mAP: 0.08801040221938952
mATE: 1.017
mASE: 0.3372
mAOE: 0.7814
mAVE: 1.0829
mAAE: 0.3068
NDS: 0.20146760196250355
--------------------------
Number of tokens: 20 %
mAP: 0.07037021013983452
mATE: 1.0263
mASE: 0.3462
mAOE: 0.8212
mAVE: 1.114
mAAE: 0.3067
NDS: 0.1877797792664188
--------------------------
Number of tokens: 30 %
mAP: 0.05458692719110982
mATE: 1.0519
mASE: 0.4194
mAOE: 0.8438
mAVE: 1.2335
mAAE: 0.4328
NDS: 0.1577020790266899
--------------------------
