********************************************
Evaluating Random with positive perturbation
********************************************
Number of tokens: 9 %
mAP: 0.2043663498206601
mATE: 0.9223
mASE: 0.2883
mAOE: 0.6088
mAVE: 0.9081
mAAE: 0.2353
NDS: 0.305894214215136
--------------------------
Number of tokens: 13 %
mAP: 0.18800852967398674
mATE: 0.9302
mASE: 0.2909
mAOE: 0.6379
mAVE: 0.9196
mAAE: 0.2405
NDS: 0.29209284661844886
--------------------------
Number of tokens: 14 %
mAP: 0.18461990885324364
mATE: 0.928
mASE: 0.2924
mAOE: 0.6346
mAVE: 0.9215
mAAE: 0.2438
NDS: 0.29028767836118624
--------------------------
Number of tokens: 15 %
mAP: 0.1804344116315761
mATE: 0.9259
mASE: 0.2942
mAOE: 0.6515
mAVE: 0.9174
mAAE: 0.2457
NDS: 0.28674188457208705
--------------------------
--------------------------
Elapsed time: 44598.93592953682
