********************************************
Evaluating Random with negative perturbation
********************************************
Number of tokens: 10 %
mAP: 0.08861207628992473
mATE: 1.0146
mASE: 0.3355
mAOE: 0.7924
mAVE: 1.0893
mAAE: 0.3045
NDS: 0.2010655699761795
--------------------------
Number of tokens: 20 %
mAP: 0.07052716775960347
mATE: 1.024
mASE: 0.3458
mAOE: 0.8198
mAVE: 1.1377
mAAE: 0.3135
NDS: 0.18735479444228825
--------------------------
Number of tokens: 30 %
mAP: 0.05444572702736146
mATE: 1.0543
mASE: 0.4184
mAOE: 0.8553
mAVE: 1.2561
mAAE: 0.4386
NDS: 0.1560016340554461
--------------------------
