***************************************************
Evaluating Raw Attention with negative perturbation
***************************************************
Number of tokens: 10 %
mAP: 0.18073122847244513
mATE: 0.9233
mASE: 0.2951
mAOE: 0.6339
mAVE: 0.8567
mAAE: 0.2428
NDS: 0.2951876794321646
--------------------------
Number of tokens: 20 %
mAP: 0.12856391570786416
mATE: 0.9818
mASE: 0.3016
mAOE: 0.6916
mAVE: 0.8974
mAAE: 0.2508
NDS: 0.2519566665976689
--------------------------
Number of tokens: 30 %
mAP: 0.09727224737006611
mATE: 1.0131
mASE: 0.3088
mAOE: 0.7495
mAVE: 0.9294
mAAE: 0.2613
NDS: 0.2237351806093964
--------------------------
